Column 26
010100010102
010200020302
010200040111
010200040409
010300030802
010500021308
010500022218
010802010604
020200020605
020301010404
020301030205
020301040304
020302020606
020401040303
020401050204
020401060304
020402030503
020501070201
020502050607
020503050505
020503050906
020700090303
020700090601
020700090602
030101030102
030101070202
030102050709
030802030307
030902060900
031300110502
031300110706
031401010502
031401020103
031401020302
031401030806
031401050403
031402030604
031403050602
031501040101
031501040904
031501041004
031501070401
031602040101
040301050501
040301050602
040302020303
040500012607
040601030501
040801040203
041401020403
041501010104
050800030407
050800030804
051002040505
051301080404
060300030103
060300030203
070400080206
070500050108
070700040406
070801010601
070801010605
070801041805
070900040203
071300030302
071300031003
080101000601
080302041102
080401020406
080401030804
080402020705
080402050403
080402070203
080602021107
080602060304
080702020804
080702030205
080801020511
080801030402
080802030406
080903010505
100301012003
100301012006
100301021502
100301031003
100301040504
100302010203
100401030702
100402011405
100402040302
100500010101
100500090102
100500140201
100700020503
100700020602
100700021402
100700030201
100700030502
100800010103
100800010603
100800010604
100800030105
100800080403
100800080502
100800100107
100800100203
100800100401
100800130201
100800130204
100800130206
100901010207
100902010208
100902060106
101102010102
101201090402
101201090604
101201110605
101402010804
101500031602
101600040506
101800020303
101800020603
101800050303
101800070301
101800110107
101800140105
101900020602
101900020607
101900020703
101900040303
101900070805
101900180604
110100090201
110100130404
110200100501
110400010401
110800010104
110800020108
110800030108
110800040105
111102070402
111401020108
120301050407
120302030301
120701040106
120701040210
121001010401
121101010406
121101100104
130100020708
130100020906
130100030103
130100030201
130100030402
130100030407
130100030601
130100030606
130100040704
130100050406
130201010206
130201010702
130201010801
130201011103
130201020804
130201021003
130201021204
130202010102
130202010204
130202010610
130202030201
130202030203
130202030401
130202030402
130202030802
130202030903
130202040105
130202040106
130202040403
130202050101
130202070401
130202070405
130202080103
130202090102
130202090103
130202090605
130202110205
130202110504
130301020201
130302010203
130302010806
130302010809
130302010812
130302020204
130403030301
130500011002
130500011101
130500011102
130500030501
130500030503
130500031102
130500031201
130500031202
130500031203
130500031401
130500031501
130500031502
130500031601
130500031704
130500031705
130500040101
130500040401
130600050201
130600050302
130600080101
130600080102
130600080103
130600080201
130600090101
130600090102
130600090103
130600100101
130600100102
130600100103
130600100104
130600100201
130600100202
130600100301
130600100302
130600100303
130600100304
130600100305
130600100401
130600100402
130600111101
140100050204
140100050403
140100050701
140100051306
140100051411
140200050202
140200060301
140300020603
140300020901
140300030701
140300050304
140401010204
140401010809
140401011004
140401060304
140401060309
140500010701
140500010704
140500010705
140500030204
140500050401
140600030204
140600030901
140600040302
140600090206
140600090207
140801011601
140801011602
140801050106
140801050902
140801061304
140801061306
140801061601
140802040403
150100010106
150100020104
150100020106
150100020107
150100020108
150100020909
150100040203
150100040204
150100040804
150100040808
150100041004
150100050301
150100060503
150100080807
150200060101
150200090108
150200110106
150200110107
150200160502
150200160702
150301030304
150301030406
150302010702
150400050503
150400050707
150400050711
150400070103
150400070209
150400070407
150502030509
150502030511
150503010705
150602010608
150602020104
150701020503
150701020506
150701030302
160101010103
160101010202
160101020206
160102010702
160102020403
160102020702
160300020401
160300020403
160300040405
160300040504
160300050101
160300050203
160300051403
160300060105
160300060309
160300070207
160300070501
160501020505
160502010303
170200010608
170200060402
170200080701
170200100309
170300010405
170402020202
170402040403
170402150502
170402200305
170402210403
170501140401
170701030301
170701030606
170701050202
170703050710
170703061103
170703061105
170900020404
170900120302
171001030202
171001030203
171100090602
171100100302
171100140106
171200010105
171200060402
180101030101
180101030205
180101100403
180201150403
180201160204
180201510106
180300010606
180300030503
180300040102
180300060203
180400010501
180500060207
180600010204
180800010205
180800010306
180800020108
180901010404
180901010605
180901020209
180901020803
180901030201
180901030203
180901030205
180901030206
180901030207
180902010305
180902010407
180902050303
180902061001
180902061301
181002010202
181002010203
